29
0 5 0 1 0 0
0 8 0 1 0 0
1 10 0 0 1 1
2 12 0 1 1 0
3 1 1 0 0 1
3 12 0 0 0 1
4 6 0 1 1 0
4 15 0 0 1 0
5 8 0 0 1 1
6 0 1 0 0 0
6 2 1 1 0 0
6 3 0 0 1 0
6 13 1 1 0 0
7 7 1 0 0 1
7 8 1 1 0 0
8 7 0 0 1 1
8 8 0 1 1 0
9 2 0 0 1 1
9 10 0 1 1 0
10 2 0 1 0 0
11 7 1 0 0 1
11 12 1 1 0 0
11 13 0 0 1 0
12 0 0 0 1 0
12 15 0 0 1 0
13 9 1 0 0 1
14 5 0 1 1 0
15 6 0 1 0 0
15 10 0 1 0 0
1 10
2 12
3 1
3 12
4 6
5 8
6 2
6 3
6 13
9 2
9 10
10 2
11 7
11 12
11 13
13 9
14 5
8
1 4 1 1
2 14 1 0
3 9 1 1
7 5 0 2
8 4 1 0
12 9 0 2
13 1 0 3
14 11 0 3