29
0 4 0 1 0 0
0 8 0 1 0 0
1 10 0 0 1 1
2 0 0 0 1 0
2 6 0 1 1 0
2 12 0 1 1 0
3 12 0 0 0 1
4 2 1 1 0 0
4 3 0 0 1 0
4 15 0 0 1 0
5 8 0 0 1 1
6 5 1 0 0 1
6 13 1 1 0 0
7 7 1 0 0 1
7 8 1 1 0 0
8 7 0 0 1 1
8 8 0 1 1 0
8 11 0 0 1 1
8 15 0 0 1 0
9 4 1 1 0 0
9 0 0 0 1 0
10 14 1 1 0 0
12 6 0 1 1 0
13 6 0 0 0 1
13 9 0 1 1 0
13 10 1 0 0 0
14 3 0 0 1 1
15 5 0 1 0 0
15 12 0 1 0 0
1 10
2 6
2 12
3 12
4 2
4 3
5 8
6 5
6 13
8 11
9 4
10 14
12 6
13 6
13 9
13 10
14 3
8
1 4 0 3
2 14 1 0
3 6 0 2
3 9 1 1
10 7 1 2
11 1 0 1
11 8 0 0
14 13 1 3